[Camera1]
ScaleX1=0.00457843
ScaleY1=0.00462326
Phi1=-2.99799
Thera1=0.0732082
TransX1=543.75
TransY1=10
ThresholdPick=150
ThresholdPut=120
[Camera2]
ScaleX2=0.00432127
ScaleY2=0.00438184
Phi2=-0.800391
Thera2=3.10801
TransX2=409
TransY2=-351.2
ThresholdSecondLocation=0
